Size	Depth	Al	As	Ba	V	Cd	Cr	Cu	Fe	Pb	Mn	Se	Zn
Fine	0-10cm	8550	16.5	25.6	18.7	8	12.3	128.5	8095	410	595	4.5	663
Fine	0-10cm	8250	14.75	21.6	19.35	8.3	11.4	131.5	7800	356.2	530	2	620
Fine	0-10cm	8650	13.75	22.05	22	8.1	12.45	135.5	7750	311.7	3646.5	1.85	553.5
Fine	0-10cm	8900	9.55	19.45	22.5	7.15	12	148	7800	250.5	461.5	0.6	461
Fine	0-10cm	13150	6.15	46.2	24.85	4.8	16	69.05	7700	104	369	1.5	208
Fine	0-10cm	13150	7.75	44.9	31.3	4.15	15.15	75	8150	95	367.5	0	198
Fine	0-10cm	15100	8.05	63.75	27	5	16.05	80	8500	195	500	1.65	397.5
Fine	0-10cm	15050	12.35	64	26.1	3.7	7.75	70	8200	123.5	469	1.9	263.5
Coarse	0-10cm	10150	6.5	40	25	4.15	10.35	38.15	6150	109	340	0	209
Coarse	0-10cm	10450	5.35	31.5	20.25	2.2	6.1	41	5300	101	299.5	0.1	204
Coarse	0-10cm	13400	1.4	42.55	24	0.7	6.25	25.65	4650	37.7	172.5	0.1	70.5
Coarse	0-10cm	15100	2.3	46.85	38	0.35	7.2	21.1	4950	16.65	129	0.1	37.5
Coarse	0-10cm	12200	3.1	38.6	20	0.25	5.9	13.15	4800	7.8	119.5	0	27.4
Coarse	0-10cm	15350	1.9	35.65	29.3	0.35	8.5	21.65	5850	10.7	153.75	0	35.35
Coarse	0-10cm	15050	0.3	73.2	28	0.9	9.2	23.85	6800	34.4	264.4	0	88.5
Coarse	0-10cm	14950	1.2	68.5	31.5	0.5	8.9	19.8	6250	18.7	240	0	62.1
Gravel	0-10cm	15100	2.9	33.25	21.1	0.3	4.5	20	5900	16	134.5	0	50.5
Gravel	0-10cm	14750	2.5	119	8.5	0.2	2.25	15.4	2840	11.6	108.5	0	26.95
Gravel	0-10cm	15050	3.75	111.5	19.5	0.2	3.25	7.3	1900	7.65	100	0	19.75
Gravel	0-10cm	15200	0.65	45	27.5	0.25	7.2	50.75	6750	10.45	140	0	40.4
Gravel	0-10cm	9100	0.15	5	10.75	0	7.45	10.3	3100	0	95	0	21
Gravel	0-10cm	15200	2.5	42.7	26.75	0.2	17.25	23.25	9600	0.25	163.5	0	33.4
Gravel	0-10cm	15050	1.8	37	15.3	0.05	16.05	12.9	10650	0	120	0	57.05
Gravel	0-10cm	12350	0	54	16.8	0.05	2.5	12.15	1450	0	90	0	15.75
Fine	10-20cm	10150	13.3	25.35	22.9	8.35	13.2	147.5	8650	392.5	575	3.25	735
Fine	10-20cm	10900	12.4	25.4	28.25	8.05	14.25	170	8950	328	500	0	642.5
Fine	10-20cm	10600	12	22.4	25	8.05	12.75	181	8350	307	515	1.15	595
Fine	10-20cm	9150	7.4	18.75	22.5	7.05	11.7	171.5	7650	245	455	2.05	464
Fine	10-20cm	13550	5.4	43.25	26.1	3.9	16	84	8250	19.25	370	0	225
Fine	10-20cm	14850	6.85	48.1	32.5	4.1	16.2	72.5	8350	76	377.5	0	162.5
Fine	10-20cm	11950	7.05	59.75	20.9	4.15	7.75	77.3	8400	162.5	500	3.1	333.7
Fine	10-20cm	14900	14.8	58.55	27	4.1	15.8	80	8350	27.05	490	1.45	274.5
Coarse	10-20cm	14750	4.15	40.85	29.5	1.45	6.8	30.05	5500	73.55	259	0	139.5
Coarse	10-20cm	12450	5.6	40.05	30.5	1.6	8.3	35.75	5450	78.75	243	0	157.35
Coarse	10-20cm	10900	5	55.5	32.5	1.15	7.8	32.95	4495	55	367	1.3	108.4
Coarse	10-20cm	9150	5.4	39.55	40.5	1.2	10.25	32.85	4550	53	285	0.9	108.5
Coarse	10-20cm	15100	1.9	34.8	23	0.3	9	14.4	5800	13.6	193	0	34.05
Coarse	10-20cm	12250	1.5	51.85	27.4	0.2	9.75	11.9	5650	5.8	135	0	34.8
Coarse	10-20cm	13100	1.65	52	19	0.2	6.5	22.8	5800	15.8	196	0	49.5
Coarse	10-20cm	15050	1.25	48.8	26.85	0.8	7.8	25.35	6850	27.3	269	0	84
Gravel	10-20cm	11350	5.4	25.7	20	0.2	8	19.9	5650	11.45	228	0	51
Gravel	10-20cm	15050	4.2	65.75	48	0.6	7.7	28.95	6690	16.55	217	0	64.3
Gravel	10-20cm	8850	0.15	20.65	24.3	0.05	3.2	16	3500	1.3	63	0	16.25
Gravel	10-20cm	15550	3.1	125.5	23.25	0	5.65	22.85	2750	2.7	95	0	14.85
Gravel	10-20cm	15100	7.35	18.3	26.85	0.7	24.95	28.45	8100	2.5	155.5	0	36.85
Gravel	10-20cm	10650	0	48	27.8	0.35	17.7	10.1	8300	4.8	207	0	42.3
Gravel	10-20cm	6800	0	6.05	8.9	0	2	4.45	4750	0	155	0	28.45
Gravel	10-20cm	15250	0	46.15	43.4	0.15	11.25	23.7	4850	0	163	0	33.15
Fine	20-30cm	10200	15.65	25.3	24	8.2	12.65	152.5	8250	371	560	2	695
Fine	20-30cm	11450	12.35	24.7	25.8	8.65	14.1	160	9000	345	545	1.1	675
Fine	20-30cm	12200	9.35	27.2	27.7	5.8	12.4	124.85	8200	218	460	0	420
Fine	20-30cm	12650	8.1	23.6	24	6.1	12.2	127.25	8050	208	450	1.65	420
Fine	20-30cm	15100	7.05	38.25	25	4.25	15.45	93	8050	116	367.65	1.3	245
Fine	20-30cm	11650	10.75	64.75	24.3	4.65	14.45	61.9	7800	182.5	550	4.25	344
Fine	20-30cm	11900	10.55	47.8	22.75	4.55	14.1	71.2	7800	164.7	472.95	1.75	344.25
Fine	20-30cm	12350	11.35	49.8	25	4.7	15.4	72.5	8400	158.8	489	1.35	325
Coarse	20-30cm	12400	3.1	63.5	29.3	1.65	8.7	37.8	5450	82	307.5	0	169.5
Coarse	20-30cm	11450	2.45	22.9	19	0.55	9.95	21.9	4750	27.5	139	0	66.5
Coarse	20-30cm	12300	1.7	39.65	30.9	0.5	7.1	20.7	4000	27.45	158	0	59.05
Coarse	20-30cm	15400	2.9	58.6	48.9	0.8	12	31.7	6000	34.75	269.5	0.1	83.5
Coarse	20-30cm	15050	6.3	32.8	32.95	0.9	12.15	26.05	7650	13.2	204.5	0	46.15
Coarse	20-30cm	11550	0	62.2	25.25	1.55	11.45	28.65	6350	62.05	348	0.6	148
Coarse	20-30cm	15100	0	127.75	18.2	0.35	8.6	17.3	5950	14.95	217	0	58.45
Coarse	20-30cm	15150	4.3	77.5	34.9	1.15	15.55	29.35	8000	40.35	342	0	103
Gravel	20-30cm	11150	2.3	31.85	25	3.1	10.2	44.5	5000	19.5	290	0	340
Gravel	20-30cm	15400	7.5	66.5	28.4	0.25	11	15.65	5200	10.35	173.9	0	37.05
Gravel	20-30cm	13350	4.4	23.95	37.3	0	2.45	21.7	5000	1.25	160	0	21.95
Gravel	20-30cm	15050	1.45	37.8	39.5	0.55	6.95	23.7	5250	26.7	158.8	0	59.25
Gravel	20-30cm	15150	1.65	168	18.35	0	3.4	11.75	4650	1.5	151	0	17.65
Gravel	20-30cm	8950	2.05	22.85	11.3	0.05	5.05	15	4500	7.95	500	4.15	37.5
Gravel	20-30cm	9050	0	22.75	23.7	0	6.85	10.05	3950	2	81.5	0	24.65
Gravel	20-30cm	15250	0.75	62	23.35	0.5	4.25	29.2	4300	1.05	139	0	34.55
Gravel	20-30cm	1820	3.55	20	3.75	4.5	3.35	69.5	2955	264	370	2.5	510
